73
123



53
95


98



124
138
44


133






54


166

58
49



133
142

65





48



127



21



59







114

33


130


46




83
129

116

40



36




114

162
100

152
105

59

173
42


81

75


60

25


20



105
94



142


72
48
90

154


32




36

40



72
105


30

40


18








32






69
20




63

31







118
102





81








64






20
48




161

72




58
221




73











31
76

77




26

118






61
108

51





57

92

114
113


187
38

128



121
124




104
86
70
73

91
76





124


85



57

39
112
32
45




90


94

56


207
30


54
199

68




46
117
37







56


111

131



108



52











53
40
149
57




37



105
25



62



73






